"Source","Target","Weight"
"v-1","v-2",0.1059
"v-1","v-3",0.1031
"v-1","v-4",0.1015
"v-1","v-5",0.107
"v-1","v-6",0.1068
"v-1","v-7",0.1003
"v-1","v-8",0.1037
"v-1","v-10",0.1026
"v-1","v-12",0.1004
"v-1","v-13",0.1077
"v-1","v-14",0.1038
"v-1","v-15",0.105
"v-1","v-17",0.1044
"v-1","v-18",0.1041
"v-1","v-19",0.1007
"v-1","v-20",0.1055
"v-2","v-1",0.1059
"v-2","v-4",0.1041
"v-2","v-6",0.1014
"v-2","v-7",0.1033
"v-2","v-8",0.1061
"v-2","v-10",0.106
"v-2","v-11",0.1042
"v-2","v-13",0.1041
"v-2","v-14",0.1044
"v-2","v-15",0.1101
"v-2","v-16",0.1001
"v-2","v-18",0.1075
"v-2","v-19",0.1035
"v-2","v-20",0.1033
"v-3","v-1",0.1031
"v-3","v-4",0.1069
"v-3","v-5",0.101
"v-3","v-6",0.1011
"v-3","v-8",0.1005
"v-3","v-9",0.101
"v-3","v-10",0.1015
"v-3","v-11",0.1028
"v-3","v-12",0.1041
"v-3","v-13",0.1031
"v-3","v-14",0.1011
"v-3","v-16",0.1043
"v-3","v-17",0.1027
"v-3","v-18",0.1074
"v-3","v-20",0.1035
"v-4","v-1",0.1015
"v-4","v-2",0.1041
"v-4","v-3",0.1069
"v-4","v-5",0.1024
"v-4","v-7",0.102
"v-4","v-8",0.1003
"v-4","v-10",0.1082
"v-4","v-12",0.1016
"v-4","v-14",0.1012
"v-4","v-15",0.1057
"v-4","v-17",0.1009
"v-4","v-18",0.1043
"v-4","v-19",0.1034
"v-4","v-20",0.1007
"v-5","v-1",0.107
"v-5","v-3",0.101
"v-5","v-4",0.1024
"v-5","v-8",0.1001
"v-5","v-10",0.1047
"v-5","v-11",0.1005
"v-5","v-13",0.1033
"v-5","v-14",0.1033
"v-5","v-17",0.1063
"v-5","v-18",0.1034
"v-5","v-20",0.1041
"v-6","v-1",0.1068
"v-6","v-2",0.1014
"v-6","v-3",0.1011
"v-6","v-7",0.1092
"v-6","v-9",0.101
"v-6","v-10",0.1088
"v-6","v-11",0.1052
"v-6","v-12",0.1025
"v-6","v-13",0.1005
"v-6","v-14",0.1049
"v-6","v-15",0.1065
"v-6","v-16",0.102
"v-6","v-17",0.1032
"v-6","v-18",0.103
"v-6","v-20",0.1005
"v-7","v-1",0.1003
"v-7","v-2",0.1033
"v-7","v-4",0.102
"v-7","v-6",0.1092
"v-7","v-8",0.1005
"v-7","v-9",0.101
"v-7","v-10",0.1064
"v-7","v-11",0.101
"v-7","v-12",0.108
"v-7","v-13",0.1033
"v-7","v-14",0.1003
"v-7","v-15",0.1046
"v-7","v-16",0.1002
"v-7","v-17",0.1016
"v-7","v-19",0.1067
"v-7","v-20",0.1049
"v-8","v-1",0.1037
"v-8","v-2",0.1061
"v-8","v-3",0.1005
"v-8","v-4",0.1003
"v-8","v-5",0.1001
"v-8","v-7",0.1005
"v-8","v-10",0.1067
"v-8","v-11",0.1002
"v-8","v-13",0.1053
"v-8","v-14",0.1
"v-8","v-15",0.1002
"v-8","v-17",0.1053
"v-8","v-18",0.1023
"v-8","v-19",0.1063
"v-8","v-20",0.103
"v-9","v-3",0.101
"v-9","v-6",0.101
"v-9","v-7",0.101
"v-9","v-10",0.101
"v-9","v-11",0.1
"v-9","v-12",0.1009
"v-9","v-13",0.1034
"v-9","v-14",0.1011
"v-9","v-15",0.1007
"v-9","v-17",0.1031
"v-9","v-18",0.1016
"v-9","v-19",0.1007
"v-9","v-20",0.1011
"v-10","v-1",0.1026
"v-10","v-2",0.106
"v-10","v-3",0.1015
"v-10","v-4",0.1082
"v-10","v-5",0.1047
"v-10","v-6",0.1088
"v-10","v-7",0.1064
"v-10","v-8",0.1067
"v-10","v-9",0.101
"v-10","v-11",0.1006
"v-10","v-12",0.1034
"v-10","v-13",0.1038
"v-10","v-14",0.1037
"v-10","v-15",0.1046
"v-10","v-18",0.1019
"v-10","v-19",0.1021
"v-11","v-2",0.1042
"v-11","v-3",0.1028
"v-11","v-5",0.1005
"v-11","v-6",0.1052
"v-11","v-7",0.101
"v-11","v-8",0.1002
"v-11","v-9",0.1
"v-11","v-10",0.1006
"v-11","v-12",0.1075
"v-11","v-13",0.1056
"v-11","v-18",0.1034
"v-11","v-19",0.1
"v-11","v-20",0.104
"v-12","v-1",0.1004
"v-12","v-3",0.1041
"v-12","v-4",0.1016
"v-12","v-6",0.1025
"v-12","v-7",0.108
"v-12","v-9",0.1009
"v-12","v-10",0.1034
"v-12","v-11",0.1075
"v-12","v-13",0.105
"v-12","v-14",0.1039
"v-12","v-15",0.1022
"v-12","v-16",0.1069
"v-12","v-17",0.1026
"v-12","v-18",0.1015
"v-12","v-19",0.1014
"v-13","v-1",0.1077
"v-13","v-2",0.1041
"v-13","v-3",0.1031
"v-13","v-5",0.1033
"v-13","v-6",0.1005
"v-13","v-7",0.1033
"v-13","v-8",0.1053
"v-13","v-9",0.1034
"v-13","v-10",0.1038
"v-13","v-11",0.1056
"v-13","v-12",0.105
"v-13","v-15",0.1032
"v-13","v-16",0.1005
"v-13","v-17",0.1012
"v-13","v-18",0.1011
"v-13","v-19",0.1043
"v-13","v-20",0.1097
"v-14","v-1",0.1038
"v-14","v-2",0.1044
"v-14","v-3",0.1011
"v-14","v-4",0.1012
"v-14","v-5",0.1033
"v-14","v-6",0.1049
"v-14","v-7",0.1003
"v-14","v-8",0.1
"v-14","v-9",0.1011
"v-14","v-10",0.1037
"v-14","v-12",0.1039
"v-14","v-15",0.1016
"v-14","v-16",0.1077
"v-14","v-17",0.105
"v-14","v-18",0.1008
"v-14","v-19",0.1025
"v-14","v-20",0.1035
"v-15","v-1",0.105
"v-15","v-2",0.1101
"v-15","v-4",0.1057
"v-15","v-6",0.1065
"v-15","v-7",0.1046
"v-15","v-8",0.1002
"v-15","v-9",0.1007
"v-15","v-10",0.1046
"v-15","v-12",0.1022
"v-15","v-13",0.1032
"v-15","v-14",0.1016
"v-15","v-16",0.1047
"v-15","v-17",0.1036
"v-15","v-18",0.1042
"v-15","v-20",0.1022
"v-16","v-2",0.1001
"v-16","v-3",0.1043
"v-16","v-6",0.102
"v-16","v-7",0.1002
"v-16","v-12",0.1069
"v-16","v-13",0.1005
"v-16","v-14",0.1077
"v-16","v-15",0.1047
"v-16","v-17",0.101
"v-16","v-18",0.1108
"v-16","v-19",0.1045
"v-16","v-20",0.1029
"v-17","v-1",0.1044
"v-17","v-3",0.1027
"v-17","v-4",0.1009
"v-17","v-5",0.1063
"v-17","v-6",0.1032
"v-17","v-7",0.1016
"v-17","v-8",0.1053
"v-17","v-9",0.1031
"v-17","v-12",0.1026
"v-17","v-13",0.1012
"v-17","v-14",0.105
"v-17","v-15",0.1036
"v-17","v-16",0.101
"v-17","v-20",0.1026
"v-18","v-1",0.1041
"v-18","v-2",0.1075
"v-18","v-3",0.1074
"v-18","v-4",0.1043
"v-18","v-5",0.1034
"v-18","v-6",0.103
"v-18","v-8",0.1023
"v-18","v-9",0.1016
"v-18","v-10",0.1019
"v-18","v-11",0.1034
"v-18","v-12",0.1015
"v-18","v-13",0.1011
"v-18","v-14",0.1008
"v-18","v-15",0.1042
"v-18","v-16",0.1108
"v-18","v-19",0.101
"v-18","v-20",0.1028
"v-19","v-1",0.1007
"v-19","v-2",0.1035
"v-19","v-4",0.1034
"v-19","v-7",0.1067
"v-19","v-8",0.1063
"v-19","v-9",0.1007
"v-19","v-10",0.1021
"v-19","v-11",0.1
"v-19","v-12",0.1014
"v-19","v-13",0.1043
"v-19","v-14",0.1025
"v-19","v-16",0.1045
"v-19","v-18",0.101
"v-19","v-20",0.1042
"v-20","v-1",0.1055
"v-20","v-2",0.1033
"v-20","v-3",0.1035
"v-20","v-4",0.1007
"v-20","v-5",0.1041
"v-20","v-6",0.1005
"v-20","v-7",0.1049
"v-20","v-8",0.103
"v-20","v-9",0.1011
"v-20","v-11",0.104
"v-20","v-13",0.1097
"v-20","v-14",0.1035
"v-20","v-15",0.1022
"v-20","v-16",0.1029
"v-20","v-17",0.1026
"v-20","v-18",0.1028
"v-20","v-19",0.1042
