"Source","Target","Weight"
"v-1","v-2",0.1352
"v-1","v-3",0.0973
"v-1","v-4",0.1238
"v-1","v-5",0.1274
"v-1","v-6",0.1294
"v-1","v-7",0.1231
"v-1","v-8",0.1313
"v-1","v-9",0.1249
"v-1","v-10",0.1248
"v-1","v-11",0.1346
"v-1","v-12",0.1208
"v-1","v-13",0.1105
"v-1","v-14",0.1303
"v-1","v-15",0.1365
"v-1","v-16",0.1085
"v-1","v-17",0.1375
"v-1","v-18",0.1053
"v-1","v-19",0.1012
"v-1","v-20",0.1357
"v-1","v-21",0.1064
"v-1","v-22",0.1349
"v-1","v-23",0.106
"v-1","v-24",0.1278
"v-1","v-25",0.1372
"v-1","v-26",0.1206
"v-1","v-27",0.1346
"v-1","v-28",0.128
"v-1","v-29",0.1289
"v-1","v-30",0.1262
"v-1","v-31",0.1329
"v-1","v-32",0.1034
"v-1","v-33",0.1319
"v-1","v-34",0.1379
"v-1","v-35",0.1127
"v-1","v-36",0.1007
"v-1","v-37",0.1346
"v-1","v-38",0.1261
"v-1","v-39",0.1376
"v-1","v-40",0.123
"v-2","v-1",0.1352
"v-2","v-3",0.1005
"v-2","v-4",0.1194
"v-2","v-5",0.1108
"v-2","v-6",0.1031
"v-2","v-7",0.1037
"v-2","v-8",0.1015
"v-2","v-9",0.0984
"v-2","v-10",0.1014
"v-2","v-11",0.0988
"v-2","v-12",0.1045
"v-2","v-13",0.1179
"v-2","v-14",0.1273
"v-2","v-15",0.1412
"v-2","v-16",0.0941
"v-2","v-17",0.1684
"v-2","v-18",0.0974
"v-2","v-19",0.1077
"v-2","v-20",0.1713
"v-2","v-21",0.0967
"v-2","v-22",0.1569
"v-2","v-23",0.1037
"v-2","v-24",0.1538
"v-2","v-25",0.1436
"v-2","v-26",0.1312
"v-2","v-27",0.1556
"v-2","v-28",0.1014
"v-2","v-29",0.1504
"v-2","v-30",0.0966
"v-2","v-31",0.1382
"v-2","v-32",0.0983
"v-2","v-33",0.1562
"v-2","v-34",0.1642
"v-2","v-35",0.1093
"v-2","v-36",0.1005
"v-2","v-37",0.1042
"v-2","v-38",0.1583
"v-2","v-39",0.1683
"v-2","v-40",0.1305
"v-3","v-1",0.0973
"v-3","v-2",0.1005
"v-3","v-4",0.102
"v-3","v-5",0.105
"v-3","v-6",0.0949
"v-3","v-7",0.1006
"v-3","v-8",0.1011
"v-3","v-9",0.0978
"v-3","v-10",0.1021
"v-3","v-11",0.1055
"v-3","v-12",0.1004
"v-3","v-13",0.0997
"v-3","v-14",0.0985
"v-3","v-15",0.1004
"v-3","v-16",0.0958
"v-3","v-17",0.0967
"v-3","v-18",0.1043
"v-3","v-19",0.0992
"v-3","v-20",0.1011
"v-3","v-21",0.1045
"v-3","v-22",0.1
"v-3","v-23",0.0994
"v-3","v-24",0.0956
"v-3","v-25",0.0985
"v-3","v-26",0.1021
"v-3","v-27",0.102
"v-3","v-28",0.098
"v-3","v-29",0.0985
"v-3","v-30",0.0996
"v-3","v-31",0.1019
"v-3","v-32",0.1021
"v-3","v-33",0.0979
"v-3","v-34",0.1
"v-3","v-35",0.1069
"v-3","v-36",0.1023
"v-3","v-37",0.0947
"v-3","v-38",0.0943
"v-3","v-39",0.1002
"v-3","v-40",0.1016
"v-4","v-1",0.1238
"v-4","v-2",0.1194
"v-4","v-3",0.102
"v-4","v-5",0.1498
"v-4","v-6",0.1493
"v-4","v-7",0.1411
"v-4","v-8",0.1371
"v-4","v-9",0.1463
"v-4","v-10",0.1555
"v-4","v-11",0.1568
"v-4","v-12",0.1454
"v-4","v-13",0.1076
"v-4","v-14",0.1333
"v-4","v-15",0.1336
"v-4","v-16",0.101
"v-4","v-17",0.1155
"v-4","v-18",0.1103
"v-4","v-19",0.104
"v-4","v-20",0.1144
"v-4","v-21",0.1046
"v-4","v-22",0.1238
"v-4","v-23",0.106
"v-4","v-24",0.1174
"v-4","v-25",0.1257
"v-4","v-26",0.1053
"v-4","v-27",0.1149
"v-4","v-28",0.1458
"v-4","v-29",0.1122
"v-4","v-30",0.1466
"v-4","v-31",0.1308
"v-4","v-32",0.108
"v-4","v-33",0.1225
"v-4","v-34",0.1149
"v-4","v-35",0.1098
"v-4","v-36",0.1101
"v-4","v-37",0.1496
"v-4","v-38",0.1109
"v-4","v-39",0.1161
"v-4","v-40",0.1112
"v-5","v-1",0.1274
"v-5","v-2",0.1108
"v-5","v-3",0.105
"v-5","v-4",0.1498
"v-5","v-6",0.1563
"v-5","v-7",0.1503
"v-5","v-8",0.1596
"v-5","v-9",0.1534
"v-5","v-10",0.1502
"v-5","v-11",0.1591
"v-5","v-12",0.1523
"v-5","v-13",0.1071
"v-5","v-14",0.1394
"v-5","v-15",0.13
"v-5","v-16",0.1081
"v-5","v-17",0.1002
"v-5","v-18",0.1158
"v-5","v-19",0.1021
"v-5","v-20",0.1084
"v-5","v-21",0.1022
"v-5","v-22",0.114
"v-5","v-23",0.1055
"v-5","v-24",0.1117
"v-5","v-25",0.1236
"v-5","v-26",0.1026
"v-5","v-27",0.1114
"v-5","v-28",0.164
"v-5","v-29",0.1025
"v-5","v-30",0.1528
"v-5","v-31",0.126
"v-5","v-32",0.1074
"v-5","v-33",0.1166
"v-5","v-34",0.113
"v-5","v-35",0.111
"v-5","v-36",0.1111
"v-5","v-37",0.1637
"v-5","v-38",0.1163
"v-5","v-39",0.101
"v-5","v-40",0.1089
"v-6","v-1",0.1294
"v-6","v-2",0.1031
"v-6","v-3",0.0949
"v-6","v-4",0.1493
"v-6","v-5",0.1563
"v-6","v-7",0.1607
"v-6","v-8",0.1556
"v-6","v-9",0.1599
"v-6","v-10",0.1664
"v-6","v-11",0.1683
"v-6","v-12",0.154
"v-6","v-13",0.1002
"v-6","v-14",0.1355
"v-6","v-15",0.1277
"v-6","v-16",0.1042
"v-6","v-17",0.0996
"v-6","v-18",0.1082
"v-6","v-19",0.1072
"v-6","v-20",0.1049
"v-6","v-21",0.1048
"v-6","v-22",0.1091
"v-6","v-23",0.1054
"v-6","v-24",0.1048
"v-6","v-25",0.1231
"v-6","v-26",0.0989
"v-6","v-27",0.1051
"v-6","v-28",0.1578
"v-6","v-29",0.1117
"v-6","v-30",0.1567
"v-6","v-31",0.1278
"v-6","v-32",0.1106
"v-6","v-33",0.1162
"v-6","v-34",0.1074
"v-6","v-35",0.1185
"v-6","v-36",0.1051
"v-6","v-37",0.1551
"v-6","v-38",0.1118
"v-6","v-39",0.1061
"v-6","v-40",0.1032
"v-7","v-1",0.1231
"v-7","v-2",0.1037
"v-7","v-3",0.1006
"v-7","v-4",0.1411
"v-7","v-5",0.1503
"v-7","v-6",0.1607
"v-7","v-8",0.1457
"v-7","v-9",0.1587
"v-7","v-10",0.1588
"v-7","v-11",0.1568
"v-7","v-12",0.151
"v-7","v-13",0.1025
"v-7","v-14",0.1401
"v-7","v-15",0.1263
"v-7","v-16",0.1064
"v-7","v-17",0.1016
"v-7","v-18",0.1107
"v-7","v-19",0.0997
"v-7","v-20",0.0999
"v-7","v-21",0.1016
"v-7","v-22",0.1104
"v-7","v-23",0.0985
"v-7","v-24",0.1072
"v-7","v-25",0.1216
"v-7","v-26",0.0963
"v-7","v-27",0.0991
"v-7","v-28",0.1626
"v-7","v-29",0.101
"v-7","v-30",0.1484
"v-7","v-31",0.1169
"v-7","v-32",0.1125
"v-7","v-33",0.1151
"v-7","v-34",0.1011
"v-7","v-35",0.1145
"v-7","v-36",0.1035
"v-7","v-37",0.1658
"v-7","v-38",0.1054
"v-7","v-39",0.0983
"v-7","v-40",0.105
"v-8","v-1",0.1313
"v-8","v-2",0.1015
"v-8","v-3",0.1011
"v-8","v-4",0.1371
"v-8","v-5",0.1596
"v-8","v-6",0.1556
"v-8","v-7",0.1457
"v-8","v-9",0.1549
"v-8","v-10",0.1557
"v-8","v-11",0.1562
"v-8","v-12",0.1498
"v-8","v-13",0.101
"v-8","v-14",0.1327
"v-8","v-15",0.1176
"v-8","v-16",0.1041
"v-8","v-17",0.1014
"v-8","v-18",0.1108
"v-8","v-19",0.1086
"v-8","v-20",0.0994
"v-8","v-21",0.0996
"v-8","v-22",0.1016
"v-8","v-23",0.1029
"v-8","v-24",0.1059
"v-8","v-25",0.1171
"v-8","v-26",0.104
"v-8","v-27",0.0997
"v-8","v-28",0.156
"v-8","v-29",0.1067
"v-8","v-30",0.1528
"v-8","v-31",0.1193
"v-8","v-32",0.11
"v-8","v-33",0.12
"v-8","v-34",0.1033
"v-8","v-35",0.1066
"v-8","v-36",0.1089
"v-8","v-37",0.1561
"v-8","v-38",0.1078
"v-8","v-39",0.0961
"v-8","v-40",0.1069
"v-9","v-1",0.1249
"v-9","v-2",0.0984
"v-9","v-3",0.0978
"v-9","v-4",0.1463
"v-9","v-5",0.1534
"v-9","v-6",0.1599
"v-9","v-7",0.1587
"v-9","v-8",0.1549
"v-9","v-10",0.1662
"v-9","v-11",0.1609
"v-9","v-12",0.1492
"v-9","v-13",0.0988
"v-9","v-14",0.1329
"v-9","v-15",0.1287
"v-9","v-16",0.0984
"v-9","v-17",0.0989
"v-9","v-18",0.1109
"v-9","v-19",0.0968
"v-9","v-20",0.1008
"v-9","v-21",0.1027
"v-9","v-22",0.1061
"v-9","v-23",0.1021
"v-9","v-24",0.1037
"v-9","v-25",0.1216
"v-9","v-26",0.0961
"v-9","v-27",0.1013
"v-9","v-28",0.1648
"v-9","v-29",0.101
"v-9","v-30",0.1537
"v-9","v-31",0.1198
"v-9","v-32",0.1113
"v-9","v-33",0.1173
"v-9","v-34",0.1007
"v-9","v-35",0.1085
"v-9","v-36",0.1073
"v-9","v-37",0.1614
"v-9","v-38",0.1071
"v-9","v-39",0.0996
"v-9","v-40",0.104
"v-10","v-1",0.1248
"v-10","v-2",0.1014
"v-10","v-3",0.1021
"v-10","v-4",0.1555
"v-10","v-5",0.1502
"v-10","v-6",0.1664
"v-10","v-7",0.1588
"v-10","v-8",0.1557
"v-10","v-9",0.1662
"v-10","v-11",0.1652
"v-10","v-12",0.1513
"v-10","v-13",0.1063
"v-10","v-14",0.1414
"v-10","v-15",0.1264
"v-10","v-16",0.1015
"v-10","v-17",0.1041
"v-10","v-18",0.1127
"v-10","v-19",0.0976
"v-10","v-20",0.1024
"v-10","v-21",0.1089
"v-10","v-22",0.1097
"v-10","v-23",0.104
"v-10","v-24",0.1063
"v-10","v-25",0.1191
"v-10","v-26",0.1044
"v-10","v-27",0.1093
"v-10","v-28",0.1675
"v-10","v-29",0.0964
"v-10","v-30",0.157
"v-10","v-31",0.1191
"v-10","v-32",0.1129
"v-10","v-33",0.1126
"v-10","v-34",0.1025
"v-10","v-35",0.1144
"v-10","v-36",0.108
"v-10","v-37",0.1625
"v-10","v-38",0.103
"v-10","v-39",0.0949
"v-10","v-40",0.1038
"v-11","v-1",0.1346
"v-11","v-2",0.0988
"v-11","v-3",0.1055
"v-11","v-4",0.1568
"v-11","v-5",0.1591
"v-11","v-6",0.1683
"v-11","v-7",0.1568
"v-11","v-8",0.1562
"v-11","v-9",0.1609
"v-11","v-10",0.1652
"v-11","v-12",0.1544
"v-11","v-13",0.1031
"v-11","v-14",0.1385
"v-11","v-15",0.1261
"v-11","v-16",0.102
"v-11","v-17",0.102
"v-11","v-18",0.1144
"v-11","v-19",0.0971
"v-11","v-20",0.0999
"v-11","v-21",0.1047
"v-11","v-22",0.1108
"v-11","v-23",0.1033
"v-11","v-24",0.1034
"v-11","v-25",0.1218
"v-11","v-26",0.1026
"v-11","v-27",0.1017
"v-11","v-28",0.166
"v-11","v-29",0.101
"v-11","v-30",0.159
"v-11","v-31",0.122
"v-11","v-32",0.1023
"v-11","v-33",0.113
"v-11","v-34",0.1031
"v-11","v-35",0.1175
"v-11","v-36",0.1141
"v-11","v-37",0.1585
"v-11","v-38",0.1092
"v-11","v-39",0.1039
"v-11","v-40",0.1025
"v-12","v-1",0.1208
"v-12","v-2",0.1045
"v-12","v-3",0.1004
"v-12","v-4",0.1454
"v-12","v-5",0.1523
"v-12","v-6",0.154
"v-12","v-7",0.151
"v-12","v-8",0.1498
"v-12","v-9",0.1492
"v-12","v-10",0.1513
"v-12","v-11",0.1544
"v-12","v-13",0.0989
"v-12","v-14",0.1304
"v-12","v-15",0.1229
"v-12","v-16",0.1097
"v-12","v-17",0.099
"v-12","v-18",0.1157
"v-12","v-19",0.0956
"v-12","v-20",0.103
"v-12","v-21",0.1061
"v-12","v-22",0.1105
"v-12","v-23",0.0997
"v-12","v-24",0.1041
"v-12","v-25",0.1171
"v-12","v-26",0.1015
"v-12","v-27",0.106
"v-12","v-28",0.1625
"v-12","v-29",0.1015
"v-12","v-30",0.1558
"v-12","v-31",0.1209
"v-12","v-32",0.1036
"v-12","v-33",0.1077
"v-12","v-34",0.1053
"v-12","v-35",0.1106
"v-12","v-36",0.1045
"v-12","v-37",0.1464
"v-12","v-38",0.1073
"v-12","v-39",0.1034
"v-12","v-40",0.1029
"v-13","v-1",0.1105
"v-13","v-2",0.1179
"v-13","v-3",0.0997
"v-13","v-4",0.1076
"v-13","v-5",0.1071
"v-13","v-6",0.1002
"v-13","v-7",0.1025
"v-13","v-8",0.101
"v-13","v-9",0.0988
"v-13","v-10",0.1063
"v-13","v-11",0.1031
"v-13","v-12",0.0989
"v-13","v-14",0.1078
"v-13","v-15",0.1001
"v-13","v-16",0.1033
"v-13","v-17",0.1163
"v-13","v-18",0.1067
"v-13","v-19",0.1042
"v-13","v-20",0.1183
"v-13","v-21",0.1027
"v-13","v-22",0.1138
"v-13","v-23",0.1007
"v-13","v-24",0.1166
"v-13","v-25",0.112
"v-13","v-26",0.1063
"v-13","v-27",0.1165
"v-13","v-28",0.0959
"v-13","v-29",0.1093
"v-13","v-30",0.1053
"v-13","v-31",0.1055
"v-13","v-32",0.0987
"v-13","v-33",0.1086
"v-13","v-34",0.1185
"v-13","v-35",0.1064
"v-13","v-36",0.095
"v-13","v-37",0.1119
"v-13","v-38",0.1138
"v-13","v-39",0.1116
"v-13","v-40",0.1109
"v-14","v-1",0.1303
"v-14","v-2",0.1273
"v-14","v-3",0.0985
"v-14","v-4",0.1333
"v-14","v-5",0.1394
"v-14","v-6",0.1355
"v-14","v-7",0.1401
"v-14","v-8",0.1327
"v-14","v-9",0.1329
"v-14","v-10",0.1414
"v-14","v-11",0.1385
"v-14","v-12",0.1304
"v-14","v-13",0.1078
"v-14","v-15",0.131
"v-14","v-16",0.1013
"v-14","v-17",0.1263
"v-14","v-18",0.1057
"v-14","v-19",0.1042
"v-14","v-20",0.1244
"v-14","v-21",0.0999
"v-14","v-22",0.1301
"v-14","v-23",0.1047
"v-14","v-24",0.1271
"v-14","v-25",0.1351
"v-14","v-26",0.1129
"v-14","v-27",0.1234
"v-14","v-28",0.145
"v-14","v-29",0.1215
"v-14","v-30",0.1408
"v-14","v-31",0.1264
"v-14","v-32",0.1036
"v-14","v-33",0.1192
"v-14","v-34",0.1229
"v-14","v-35",0.1086
"v-14","v-36",0.1012
"v-14","v-37",0.1479
"v-14","v-38",0.1291
"v-14","v-39",0.1275
"v-14","v-40",0.1107
"v-15","v-1",0.1365
"v-15","v-2",0.1412
"v-15","v-3",0.1004
"v-15","v-4",0.1336
"v-15","v-5",0.13
"v-15","v-6",0.1277
"v-15","v-7",0.1263
"v-15","v-8",0.1176
"v-15","v-9",0.1287
"v-15","v-10",0.1264
"v-15","v-11",0.1261
"v-15","v-12",0.1229
"v-15","v-13",0.1001
"v-15","v-14",0.131
"v-15","v-16",0.1016
"v-15","v-17",0.1423
"v-15","v-18",0.1077
"v-15","v-19",0.1075
"v-15","v-20",0.1292
"v-15","v-21",0.0968
"v-15","v-22",0.1389
"v-15","v-23",0.1033
"v-15","v-24",0.1386
"v-15","v-25",0.14
"v-15","v-26",0.1148
"v-15","v-27",0.1353
"v-15","v-28",0.1295
"v-15","v-29",0.1263
"v-15","v-30",0.1271
"v-15","v-31",0.1274
"v-15","v-32",0.1017
"v-15","v-33",0.1352
"v-15","v-34",0.135
"v-15","v-35",0.1113
"v-15","v-36",0.0973
"v-15","v-37",0.1281
"v-15","v-38",0.1257
"v-15","v-39",0.1312
"v-15","v-40",0.1135
"v-16","v-1",0.1085
"v-16","v-2",0.0941
"v-16","v-3",0.0958
"v-16","v-4",0.101
"v-16","v-5",0.1081
"v-16","v-6",0.1042
"v-16","v-7",0.1064
"v-16","v-8",0.1041
"v-16","v-9",0.0984
"v-16","v-10",0.1015
"v-16","v-11",0.102
"v-16","v-12",0.1097
"v-16","v-13",0.1033
"v-16","v-14",0.1013
"v-16","v-15",0.1016
"v-16","v-17",0.0992
"v-16","v-18",0.1008
"v-16","v-19",0.1002
"v-16","v-20",0.1025
"v-16","v-21",0.0997
"v-16","v-22",0.0994
"v-16","v-23",0.1014
"v-16","v-24",0.0965
"v-16","v-25",0.1043
"v-16","v-26",0.1006
"v-16","v-27",0.1003
"v-16","v-28",0.1035
"v-16","v-29",0.0977
"v-16","v-30",0.1047
"v-16","v-31",0.1042
"v-16","v-32",0.1003
"v-16","v-33",0.0918
"v-16","v-34",0.0958
"v-16","v-35",0.1003
"v-16","v-36",0.104
"v-16","v-37",0.1004
"v-16","v-38",0.0977
"v-16","v-39",0.1017
"v-16","v-40",0.1006
"v-17","v-1",0.1375
"v-17","v-2",0.1684
"v-17","v-3",0.0967
"v-17","v-4",0.1155
"v-17","v-5",0.1002
"v-17","v-6",0.0996
"v-17","v-7",0.1016
"v-17","v-8",0.1014
"v-17","v-9",0.0989
"v-17","v-10",0.1041
"v-17","v-11",0.102
"v-17","v-12",0.099
"v-17","v-13",0.1163
"v-17","v-14",0.1263
"v-17","v-15",0.1423
"v-17","v-16",0.0992
"v-17","v-18",0.1027
"v-17","v-19",0.1074
"v-17","v-20",0.1696
"v-17","v-21",0.1017
"v-17","v-22",0.1619
"v-17","v-23",0.1053
"v-17","v-24",0.1552
"v-17","v-25",0.1477
"v-17","v-26",0.1332
"v-17","v-27",0.1591
"v-17","v-28",0.0988
"v-17","v-29",0.1508
"v-17","v-30",0.0961
"v-17","v-31",0.1469
"v-17","v-32",0.0945
"v-17","v-33",0.1506
"v-17","v-34",0.1686
"v-17","v-35",0.1134
"v-17","v-36",0.0999
"v-17","v-37",0.1031
"v-17","v-38",0.1615
"v-17","v-39",0.1689
"v-17","v-40",0.1265
"v-18","v-1",0.1053
"v-18","v-2",0.0974
"v-18","v-3",0.1043
"v-18","v-4",0.1103
"v-18","v-5",0.1158
"v-18","v-6",0.1082
"v-18","v-7",0.1107
"v-18","v-8",0.1108
"v-18","v-9",0.1109
"v-18","v-10",0.1127
"v-18","v-11",0.1144
"v-18","v-12",0.1157
"v-18","v-13",0.1067
"v-18","v-14",0.1057
"v-18","v-15",0.1077
"v-18","v-16",0.1008
"v-18","v-17",0.1027
"v-18","v-19",0.1036
"v-18","v-20",0.1035
"v-18","v-21",0.1008
"v-18","v-22",0.1035
"v-18","v-23",0.0989
"v-18","v-24",0.101
"v-18","v-25",0.1019
"v-18","v-26",0.0974
"v-18","v-27",0.1019
"v-18","v-28",0.1173
"v-18","v-29",0.1021
"v-18","v-30",0.1143
"v-18","v-31",0.1058
"v-18","v-32",0.0995
"v-18","v-33",0.1047
"v-18","v-34",0.097
"v-18","v-35",0.1016
"v-18","v-36",0.0989
"v-18","v-37",0.1133
"v-18","v-38",0.1014
"v-18","v-39",0.1041
"v-18","v-40",0.1017
"v-19","v-1",0.1012
"v-19","v-2",0.1077
"v-19","v-3",0.0992
"v-19","v-4",0.104
"v-19","v-5",0.1021
"v-19","v-6",0.1072
"v-19","v-7",0.0997
"v-19","v-8",0.1086
"v-19","v-9",0.0968
"v-19","v-10",0.0976
"v-19","v-11",0.0971
"v-19","v-12",0.0956
"v-19","v-13",0.1042
"v-19","v-14",0.1042
"v-19","v-15",0.1075
"v-19","v-16",0.1002
"v-19","v-17",0.1074
"v-19","v-18",0.1036
"v-19","v-20",0.1018
"v-19","v-21",0.0965
"v-19","v-22",0.1059
"v-19","v-23",0.1036
"v-19","v-24",0.1061
"v-19","v-25",0.1019
"v-19","v-26",0.102
"v-19","v-27",0.11
"v-19","v-28",0.1016
"v-19","v-29",0.1019
"v-19","v-30",0.0995
"v-19","v-31",0.1021
"v-19","v-32",0.1029
"v-19","v-33",0.1121
"v-19","v-34",0.1012
"v-19","v-35",0.1002
"v-19","v-36",0.0988
"v-19","v-37",0.104
"v-19","v-38",0.1041
"v-19","v-39",0.1077
"v-19","v-40",0.1071
"v-20","v-1",0.1357
"v-20","v-2",0.1713
"v-20","v-3",0.1011
"v-20","v-4",0.1144
"v-20","v-5",0.1084
"v-20","v-6",0.1049
"v-20","v-7",0.0999
"v-20","v-8",0.0994
"v-20","v-9",0.1008
"v-20","v-10",0.1024
"v-20","v-11",0.0999
"v-20","v-12",0.103
"v-20","v-13",0.1183
"v-20","v-14",0.1244
"v-20","v-15",0.1292
"v-20","v-16",0.1025
"v-20","v-17",0.1696
"v-20","v-18",0.1035
"v-20","v-19",0.1018
"v-20","v-21",0.1014
"v-20","v-22",0.1557
"v-20","v-23",0.111
"v-20","v-24",0.156
"v-20","v-25",0.1425
"v-20","v-26",0.1322
"v-20","v-27",0.1628
"v-20","v-28",0.1003
"v-20","v-29",0.1429
"v-20","v-30",0.1014
"v-20","v-31",0.1379
"v-20","v-32",0.1025
"v-20","v-33",0.147
"v-20","v-34",0.1643
"v-20","v-35",0.1165
"v-20","v-36",0.1015
"v-20","v-37",0.1005
"v-20","v-38",0.1622
"v-20","v-39",0.1695
"v-20","v-40",0.1331
"v-21","v-1",0.1064
"v-21","v-2",0.0967
"v-21","v-3",0.1045
"v-21","v-4",0.1046
"v-21","v-5",0.1022
"v-21","v-6",0.1048
"v-21","v-7",0.1016
"v-21","v-8",0.0996
"v-21","v-9",0.1027
"v-21","v-10",0.1089
"v-21","v-11",0.1047
"v-21","v-12",0.1061
"v-21","v-13",0.1027
"v-21","v-14",0.0999
"v-21","v-15",0.0968
"v-21","v-16",0.0997
"v-21","v-17",0.1017
"v-21","v-18",0.1008
"v-21","v-19",0.0965
"v-21","v-20",0.1014
"v-21","v-22",0.0964
"v-21","v-23",0.099
"v-21","v-24",0.1015
"v-21","v-25",0.1024
"v-21","v-26",0.1018
"v-21","v-27",0.1017
"v-21","v-28",0.1084
"v-21","v-29",0.1001
"v-21","v-30",0.0999
"v-21","v-31",0.102
"v-21","v-32",0.1006
"v-21","v-33",0.1005
"v-21","v-34",0.0978
"v-21","v-35",0.1072
"v-21","v-36",0.0998
"v-21","v-37",0.1026
"v-21","v-38",0.106
"v-21","v-39",0.0994
"v-21","v-40",0.0966
"v-22","v-1",0.1349
"v-22","v-2",0.1569
"v-22","v-3",0.1
"v-22","v-4",0.1238
"v-22","v-5",0.114
"v-22","v-6",0.1091
"v-22","v-7",0.1104
"v-22","v-8",0.1016
"v-22","v-9",0.1061
"v-22","v-10",0.1097
"v-22","v-11",0.1108
"v-22","v-12",0.1105
"v-22","v-13",0.1138
"v-22","v-14",0.1301
"v-22","v-15",0.1389
"v-22","v-16",0.0994
"v-22","v-17",0.1619
"v-22","v-18",0.1035
"v-22","v-19",0.1059
"v-22","v-20",0.1557
"v-22","v-21",0.0964
"v-22","v-23",0.104
"v-22","v-24",0.1437
"v-22","v-25",0.1447
"v-22","v-26",0.1274
"v-22","v-27",0.1531
"v-22","v-28",0.1112
"v-22","v-29",0.1416
"v-22","v-30",0.1075
"v-22","v-31",0.147
"v-22","v-32",0.1024
"v-22","v-33",0.1433
"v-22","v-34",0.1568
"v-22","v-35",0.1123
"v-22","v-36",0.1018
"v-22","v-37",0.1141
"v-22","v-38",0.1537
"v-22","v-39",0.1592
"v-22","v-40",0.1251
"v-23","v-1",0.106
"v-23","v-2",0.1037
"v-23","v-3",0.0994
"v-23","v-4",0.106
"v-23","v-5",0.1055
"v-23","v-6",0.1054
"v-23","v-7",0.0985
"v-23","v-8",0.1029
"v-23","v-9",0.1021
"v-23","v-10",0.104
"v-23","v-11",0.1033
"v-23","v-12",0.0997
"v-23","v-13",0.1007
"v-23","v-14",0.1047
"v-23","v-15",0.1033
"v-23","v-16",0.1014
"v-23","v-17",0.1053
"v-23","v-18",0.0989
"v-23","v-19",0.1036
"v-23","v-20",0.111
"v-23","v-21",0.099
"v-23","v-22",0.104
"v-23","v-24",0.104
"v-23","v-25",0.1031
"v-23","v-26",0.1073
"v-23","v-27",0.1056
"v-23","v-28",0.1008
"v-23","v-29",0.102
"v-23","v-30",0.1056
"v-23","v-31",0.0987
"v-23","v-32",0.103
"v-23","v-33",0.1055
"v-23","v-34",0.1017
"v-23","v-35",0.1056
"v-23","v-36",0.0993
"v-23","v-37",0.0959
"v-23","v-38",0.1035
"v-23","v-39",0.1022
"v-23","v-40",0.1012
"v-24","v-1",0.1278
"v-24","v-2",0.1538
"v-24","v-3",0.0956
"v-24","v-4",0.1174
"v-24","v-5",0.1117
"v-24","v-6",0.1048
"v-24","v-7",0.1072
"v-24","v-8",0.1059
"v-24","v-9",0.1037
"v-24","v-10",0.1063
"v-24","v-11",0.1034
"v-24","v-12",0.1041
"v-24","v-13",0.1166
"v-24","v-14",0.1271
"v-24","v-15",0.1386
"v-24","v-16",0.0965
"v-24","v-17",0.1552
"v-24","v-18",0.101
"v-24","v-19",0.1061
"v-24","v-20",0.156
"v-24","v-21",0.1015
"v-24","v-22",0.1437
"v-24","v-23",0.104
"v-24","v-25",0.1426
"v-24","v-26",0.1251
"v-24","v-27",0.1481
"v-24","v-28",0.1015
"v-24","v-29",0.1427
"v-24","v-30",0.1051
"v-24","v-31",0.1367
"v-24","v-32",0.1002
"v-24","v-33",0.1432
"v-24","v-34",0.1542
"v-24","v-35",0.1065
"v-24","v-36",0.0972
"v-24","v-37",0.1092
"v-24","v-38",0.1473
"v-24","v-39",0.1563
"v-24","v-40",0.1228
"v-25","v-1",0.1372
"v-25","v-2",0.1436
"v-25","v-3",0.0985
"v-25","v-4",0.1257
"v-25","v-5",0.1236
"v-25","v-6",0.1231
"v-25","v-7",0.1216
"v-25","v-8",0.1171
"v-25","v-9",0.1216
"v-25","v-10",0.1191
"v-25","v-11",0.1218
"v-25","v-12",0.1171
"v-25","v-13",0.112
"v-25","v-14",0.1351
"v-25","v-15",0.14
"v-25","v-16",0.1043
"v-25","v-17",0.1477
"v-25","v-18",0.1019
"v-25","v-19",0.1019
"v-25","v-20",0.1425
"v-25","v-21",0.1024
"v-25","v-22",0.1447
"v-25","v-23",0.1031
"v-25","v-24",0.1426
"v-25","v-26",0.1191
"v-25","v-27",0.1368
"v-25","v-28",0.1263
"v-25","v-29",0.1355
"v-25","v-30",0.1174
"v-25","v-31",0.1329
"v-25","v-32",0.102
"v-25","v-33",0.1429
"v-25","v-34",0.1425
"v-25","v-35",0.1139
"v-25","v-36",0.101
"v-25","v-37",0.1192
"v-25","v-38",0.1369
"v-25","v-39",0.1466
"v-25","v-40",0.1204
"v-26","v-1",0.1206
"v-26","v-2",0.1312
"v-26","v-3",0.1021
"v-26","v-4",0.1053
"v-26","v-5",0.1026
"v-26","v-6",0.0989
"v-26","v-7",0.0963
"v-26","v-8",0.104
"v-26","v-9",0.0961
"v-26","v-10",0.1044
"v-26","v-11",0.1026
"v-26","v-12",0.1015
"v-26","v-13",0.1063
"v-26","v-14",0.1129
"v-26","v-15",0.1148
"v-26","v-16",0.1006
"v-26","v-17",0.1332
"v-26","v-18",0.0974
"v-26","v-19",0.102
"v-26","v-20",0.1322
"v-26","v-21",0.1018
"v-26","v-22",0.1274
"v-26","v-23",0.1073
"v-26","v-24",0.1251
"v-26","v-25",0.1191
"v-26","v-27",0.1266
"v-26","v-28",0.0985
"v-26","v-29",0.1184
"v-26","v-30",0.1098
"v-26","v-31",0.1197
"v-26","v-32",0.0997
"v-26","v-33",0.128
"v-26","v-34",0.1307
"v-26","v-35",0.1049
"v-26","v-36",0.0973
"v-26","v-37",0.1062
"v-26","v-38",0.1201
"v-26","v-39",0.1388
"v-26","v-40",0.1142
"v-27","v-1",0.1346
"v-27","v-2",0.1556
"v-27","v-3",0.102
"v-27","v-4",0.1149
"v-27","v-5",0.1114
"v-27","v-6",0.1051
"v-27","v-7",0.0991
"v-27","v-8",0.0997
"v-27","v-9",0.1013
"v-27","v-10",0.1093
"v-27","v-11",0.1017
"v-27","v-12",0.106
"v-27","v-13",0.1165
"v-27","v-14",0.1234
"v-27","v-15",0.1353
"v-27","v-16",0.1003
"v-27","v-17",0.1591
"v-27","v-18",0.1019
"v-27","v-19",0.11
"v-27","v-20",0.1628
"v-27","v-21",0.1017
"v-27","v-22",0.1531
"v-27","v-23",0.1056
"v-27","v-24",0.1481
"v-27","v-25",0.1368
"v-27","v-26",0.1266
"v-27","v-28",0.1045
"v-27","v-29",0.1414
"v-27","v-30",0.102
"v-27","v-31",0.1366
"v-27","v-32",0.101
"v-27","v-33",0.1453
"v-27","v-34",0.1436
"v-27","v-35",0.1129
"v-27","v-36",0.1021
"v-27","v-37",0.1026
"v-27","v-38",0.1446
"v-27","v-39",0.1557
"v-27","v-40",0.1275
"v-28","v-1",0.128
"v-28","v-2",0.1014
"v-28","v-3",0.098
"v-28","v-4",0.1458
"v-28","v-5",0.164
"v-28","v-6",0.1578
"v-28","v-7",0.1626
"v-28","v-8",0.156
"v-28","v-9",0.1648
"v-28","v-10",0.1675
"v-28","v-11",0.166
"v-28","v-12",0.1625
"v-28","v-13",0.0959
"v-28","v-14",0.145
"v-28","v-15",0.1295
"v-28","v-16",0.1035
"v-28","v-17",0.0988
"v-28","v-18",0.1173
"v-28","v-19",0.1016
"v-28","v-20",0.1003
"v-28","v-21",0.1084
"v-28","v-22",0.1112
"v-28","v-23",0.1008
"v-28","v-24",0.1015
"v-28","v-25",0.1263
"v-28","v-26",0.0985
"v-28","v-27",0.1045
"v-28","v-29",0.0973
"v-28","v-30",0.1646
"v-28","v-31",0.1287
"v-28","v-32",0.1094
"v-28","v-33",0.1141
"v-28","v-34",0.1044
"v-28","v-35",0.1156
"v-28","v-36",0.1058
"v-28","v-37",0.1717
"v-28","v-38",0.1101
"v-28","v-39",0.096
"v-28","v-40",0.1054
"v-29","v-1",0.1289
"v-29","v-2",0.1504
"v-29","v-3",0.0985
"v-29","v-4",0.1122
"v-29","v-5",0.1025
"v-29","v-6",0.1117
"v-29","v-7",0.101
"v-29","v-8",0.1067
"v-29","v-9",0.101
"v-29","v-10",0.0964
"v-29","v-11",0.101
"v-29","v-12",0.1015
"v-29","v-13",0.1093
"v-29","v-14",0.1215
"v-29","v-15",0.1263
"v-29","v-16",0.0977
"v-29","v-17",0.1508
"v-29","v-18",0.1021
"v-29","v-19",0.1019
"v-29","v-20",0.1429
"v-29","v-21",0.1001
"v-29","v-22",0.1416
"v-29","v-23",0.102
"v-29","v-24",0.1427
"v-29","v-25",0.1355
"v-29","v-26",0.1184
"v-29","v-27",0.1414
"v-29","v-28",0.0973
"v-29","v-30",0.0987
"v-29","v-31",0.1283
"v-29","v-32",0.0991
"v-29","v-33",0.1417
"v-29","v-34",0.1484
"v-29","v-35",0.1079
"v-29","v-36",0.0998
"v-29","v-37",0.1038
"v-29","v-38",0.1412
"v-29","v-39",0.1493
"v-29","v-40",0.127
"v-30","v-1",0.1262
"v-30","v-2",0.0966
"v-30","v-3",0.0996
"v-30","v-4",0.1466
"v-30","v-5",0.1528
"v-30","v-6",0.1567
"v-30","v-7",0.1484
"v-30","v-8",0.1528
"v-30","v-9",0.1537
"v-30","v-10",0.157
"v-30","v-11",0.159
"v-30","v-12",0.1558
"v-30","v-13",0.1053
"v-30","v-14",0.1408
"v-30","v-15",0.1271
"v-30","v-16",0.1047
"v-30","v-17",0.0961
"v-30","v-18",0.1143
"v-30","v-19",0.0995
"v-30","v-20",0.1014
"v-30","v-21",0.0999
"v-30","v-22",0.1075
"v-30","v-23",0.1056
"v-30","v-24",0.1051
"v-30","v-25",0.1174
"v-30","v-26",0.1098
"v-30","v-27",0.102
"v-30","v-28",0.1646
"v-30","v-29",0.0987
"v-30","v-31",0.1137
"v-30","v-32",0.1061
"v-30","v-33",0.1105
"v-30","v-34",0.1086
"v-30","v-35",0.1123
"v-30","v-36",0.1082
"v-30","v-37",0.1512
"v-30","v-38",0.1063
"v-30","v-39",0.096
"v-30","v-40",0.1026
"v-31","v-1",0.1329
"v-31","v-2",0.1382
"v-31","v-3",0.1019
"v-31","v-4",0.1308
"v-31","v-5",0.126
"v-31","v-6",0.1278
"v-31","v-7",0.1169
"v-31","v-8",0.1193
"v-31","v-9",0.1198
"v-31","v-10",0.1191
"v-31","v-11",0.122
"v-31","v-12",0.1209
"v-31","v-13",0.1055
"v-31","v-14",0.1264
"v-31","v-15",0.1274
"v-31","v-16",0.1042
"v-31","v-17",0.1469
"v-31","v-18",0.1058
"v-31","v-19",0.1021
"v-31","v-20",0.1379
"v-31","v-21",0.102
"v-31","v-22",0.147
"v-31","v-23",0.0987
"v-31","v-24",0.1367
"v-31","v-25",0.1329
"v-31","v-26",0.1197
"v-31","v-27",0.1366
"v-31","v-28",0.1287
"v-31","v-29",0.1283
"v-31","v-30",0.1137
"v-31","v-32",0.105
"v-31","v-33",0.145
"v-31","v-34",0.1446
"v-31","v-35",0.1189
"v-31","v-36",0.1057
"v-31","v-37",0.1262
"v-31","v-38",0.1372
"v-31","v-39",0.1408
"v-31","v-40",0.1234
"v-32","v-1",0.1034
"v-32","v-2",0.0983
"v-32","v-3",0.1021
"v-32","v-4",0.108
"v-32","v-5",0.1074
"v-32","v-6",0.1106
"v-32","v-7",0.1125
"v-32","v-8",0.11
"v-32","v-9",0.1113
"v-32","v-10",0.1129
"v-32","v-11",0.1023
"v-32","v-12",0.1036
"v-32","v-13",0.0987
"v-32","v-14",0.1036
"v-32","v-15",0.1017
"v-32","v-16",0.1003
"v-32","v-17",0.0945
"v-32","v-18",0.0995
"v-32","v-19",0.1029
"v-32","v-20",0.1025
"v-32","v-21",0.1006
"v-32","v-22",0.1024
"v-32","v-23",0.103
"v-32","v-24",0.1002
"v-32","v-25",0.102
"v-32","v-26",0.0997
"v-32","v-27",0.101
"v-32","v-28",0.1094
"v-32","v-29",0.0991
"v-32","v-30",0.1061
"v-32","v-31",0.105
"v-32","v-33",0.1001
"v-32","v-34",0.103
"v-32","v-35",0.104
"v-32","v-36",0.1044
"v-32","v-37",0.1085
"v-32","v-38",0.1032
"v-32","v-39",0.0938
"v-32","v-40",0.0951
"v-33","v-1",0.1319
"v-33","v-2",0.1562
"v-33","v-3",0.0979
"v-33","v-4",0.1225
"v-33","v-5",0.1166
"v-33","v-6",0.1162
"v-33","v-7",0.1151
"v-33","v-8",0.12
"v-33","v-9",0.1173
"v-33","v-10",0.1126
"v-33","v-11",0.113
"v-33","v-12",0.1077
"v-33","v-13",0.1086
"v-33","v-14",0.1192
"v-33","v-15",0.1352
"v-33","v-16",0.0918
"v-33","v-17",0.1506
"v-33","v-18",0.1047
"v-33","v-19",0.1121
"v-33","v-20",0.147
"v-33","v-21",0.1005
"v-33","v-22",0.1433
"v-33","v-23",0.1055
"v-33","v-24",0.1432
"v-33","v-25",0.1429
"v-33","v-26",0.128
"v-33","v-27",0.1453
"v-33","v-28",0.1141
"v-33","v-29",0.1417
"v-33","v-30",0.1105
"v-33","v-31",0.145
"v-33","v-32",0.1001
"v-33","v-34",0.1478
"v-33","v-35",0.1118
"v-33","v-36",0.1014
"v-33","v-37",0.1177
"v-33","v-38",0.1443
"v-33","v-39",0.1544
"v-33","v-40",0.1191
"v-34","v-1",0.1379
"v-34","v-2",0.1642
"v-34","v-3",0.1
"v-34","v-4",0.1149
"v-34","v-5",0.113
"v-34","v-6",0.1074
"v-34","v-7",0.1011
"v-34","v-8",0.1033
"v-34","v-9",0.1007
"v-34","v-10",0.1025
"v-34","v-11",0.1031
"v-34","v-12",0.1053
"v-34","v-13",0.1185
"v-34","v-14",0.1229
"v-34","v-15",0.135
"v-34","v-16",0.0958
"v-34","v-17",0.1686
"v-34","v-18",0.097
"v-34","v-19",0.1012
"v-34","v-20",0.1643
"v-34","v-21",0.0978
"v-34","v-22",0.1568
"v-34","v-23",0.1017
"v-34","v-24",0.1542
"v-34","v-25",0.1425
"v-34","v-26",0.1307
"v-34","v-27",0.1436
"v-34","v-28",0.1044
"v-34","v-29",0.1484
"v-34","v-30",0.1086
"v-34","v-31",0.1446
"v-34","v-32",0.103
"v-34","v-33",0.1478
"v-34","v-35",0.1126
"v-34","v-36",0.0994
"v-34","v-37",0.1077
"v-34","v-38",0.1491
"v-34","v-39",0.1671
"v-34","v-40",0.1261
"v-35","v-1",0.1127
"v-35","v-2",0.1093
"v-35","v-3",0.1069
"v-35","v-4",0.1098
"v-35","v-5",0.111
"v-35","v-6",0.1185
"v-35","v-7",0.1145
"v-35","v-8",0.1066
"v-35","v-9",0.1085
"v-35","v-10",0.1144
"v-35","v-11",0.1175
"v-35","v-12",0.1106
"v-35","v-13",0.1064
"v-35","v-14",0.1086
"v-35","v-15",0.1113
"v-35","v-16",0.1003
"v-35","v-17",0.1134
"v-35","v-18",0.1016
"v-35","v-19",0.1002
"v-35","v-20",0.1165
"v-35","v-21",0.1072
"v-35","v-22",0.1123
"v-35","v-23",0.1056
"v-35","v-24",0.1065
"v-35","v-25",0.1139
"v-35","v-26",0.1049
"v-35","v-27",0.1129
"v-35","v-28",0.1156
"v-35","v-29",0.1079
"v-35","v-30",0.1123
"v-35","v-31",0.1189
"v-35","v-32",0.104
"v-35","v-33",0.1118
"v-35","v-34",0.1126
"v-35","v-36",0.1025
"v-35","v-37",0.1134
"v-35","v-38",0.1131
"v-35","v-39",0.1141
"v-35","v-40",0.1014
"v-36","v-1",0.1007
"v-36","v-2",0.1005
"v-36","v-3",0.1023
"v-36","v-4",0.1101
"v-36","v-5",0.1111
"v-36","v-6",0.1051
"v-36","v-7",0.1035
"v-36","v-8",0.1089
"v-36","v-9",0.1073
"v-36","v-10",0.108
"v-36","v-11",0.1141
"v-36","v-12",0.1045
"v-36","v-13",0.095
"v-36","v-14",0.1012
"v-36","v-15",0.0973
"v-36","v-16",0.104
"v-36","v-17",0.0999
"v-36","v-18",0.0989
"v-36","v-19",0.0988
"v-36","v-20",0.1015
"v-36","v-21",0.0998
"v-36","v-22",0.1018
"v-36","v-23",0.0993
"v-36","v-24",0.0972
"v-36","v-25",0.101
"v-36","v-26",0.0973
"v-36","v-27",0.1021
"v-36","v-28",0.1058
"v-36","v-29",0.0998
"v-36","v-30",0.1082
"v-36","v-31",0.1057
"v-36","v-32",0.1044
"v-36","v-33",0.1014
"v-36","v-34",0.0994
"v-36","v-35",0.1025
"v-36","v-37",0.1128
"v-36","v-38",0.1012
"v-36","v-39",0.0948
"v-36","v-40",0.1048
"v-37","v-1",0.1346
"v-37","v-2",0.1042
"v-37","v-3",0.0947
"v-37","v-4",0.1496
"v-37","v-5",0.1637
"v-37","v-6",0.1551
"v-37","v-7",0.1658
"v-37","v-8",0.1561
"v-37","v-9",0.1614
"v-37","v-10",0.1625
"v-37","v-11",0.1585
"v-37","v-12",0.1464
"v-37","v-13",0.1119
"v-37","v-14",0.1479
"v-37","v-15",0.1281
"v-37","v-16",0.1004
"v-37","v-17",0.1031
"v-37","v-18",0.1133
"v-37","v-19",0.104
"v-37","v-20",0.1005
"v-37","v-21",0.1026
"v-37","v-22",0.1141
"v-37","v-23",0.0959
"v-37","v-24",0.1092
"v-37","v-25",0.1192
"v-37","v-26",0.1062
"v-37","v-27",0.1026
"v-37","v-28",0.1717
"v-37","v-29",0.1038
"v-37","v-30",0.1512
"v-37","v-31",0.1262
"v-37","v-32",0.1085
"v-37","v-33",0.1177
"v-37","v-34",0.1077
"v-37","v-35",0.1134
"v-37","v-36",0.1128
"v-37","v-38",0.106
"v-37","v-39",0.1018
"v-37","v-40",0.103
"v-38","v-1",0.1261
"v-38","v-2",0.1583
"v-38","v-3",0.0943
"v-38","v-4",0.1109
"v-38","v-5",0.1163
"v-38","v-6",0.1118
"v-38","v-7",0.1054
"v-38","v-8",0.1078
"v-38","v-9",0.1071
"v-38","v-10",0.103
"v-38","v-11",0.1092
"v-38","v-12",0.1073
"v-38","v-13",0.1138
"v-38","v-14",0.1291
"v-38","v-15",0.1257
"v-38","v-16",0.0977
"v-38","v-17",0.1615
"v-38","v-18",0.1014
"v-38","v-19",0.1041
"v-38","v-20",0.1622
"v-38","v-21",0.106
"v-38","v-22",0.1537
"v-38","v-23",0.1035
"v-38","v-24",0.1473
"v-38","v-25",0.1369
"v-38","v-26",0.1201
"v-38","v-27",0.1446
"v-38","v-28",0.1101
"v-38","v-29",0.1412
"v-38","v-30",0.1063
"v-38","v-31",0.1372
"v-38","v-32",0.1032
"v-38","v-33",0.1443
"v-38","v-34",0.1491
"v-38","v-35",0.1131
"v-38","v-36",0.1012
"v-38","v-37",0.106
"v-38","v-39",0.1518
"v-38","v-40",0.1218
"v-39","v-1",0.1376
"v-39","v-2",0.1683
"v-39","v-3",0.1002
"v-39","v-4",0.1161
"v-39","v-5",0.101
"v-39","v-6",0.1061
"v-39","v-7",0.0983
"v-39","v-8",0.0961
"v-39","v-9",0.0996
"v-39","v-10",0.0949
"v-39","v-11",0.1039
"v-39","v-12",0.1034
"v-39","v-13",0.1116
"v-39","v-14",0.1275
"v-39","v-15",0.1312
"v-39","v-16",0.1017
"v-39","v-17",0.1689
"v-39","v-18",0.1041
"v-39","v-19",0.1077
"v-39","v-20",0.1695
"v-39","v-21",0.0994
"v-39","v-22",0.1592
"v-39","v-23",0.1022
"v-39","v-24",0.1563
"v-39","v-25",0.1466
"v-39","v-26",0.1388
"v-39","v-27",0.1557
"v-39","v-28",0.096
"v-39","v-29",0.1493
"v-39","v-30",0.096
"v-39","v-31",0.1408
"v-39","v-32",0.0938
"v-39","v-33",0.1544
"v-39","v-34",0.1671
"v-39","v-35",0.1141
"v-39","v-36",0.0948
"v-39","v-37",0.1018
"v-39","v-38",0.1518
"v-39","v-40",0.1324
"v-40","v-1",0.123
"v-40","v-2",0.1305
"v-40","v-3",0.1016
"v-40","v-4",0.1112
"v-40","v-5",0.1089
"v-40","v-6",0.1032
"v-40","v-7",0.105
"v-40","v-8",0.1069
"v-40","v-9",0.104
"v-40","v-10",0.1038
"v-40","v-11",0.1025
"v-40","v-12",0.1029
"v-40","v-13",0.1109
"v-40","v-14",0.1107
"v-40","v-15",0.1135
"v-40","v-16",0.1006
"v-40","v-17",0.1265
"v-40","v-18",0.1017
"v-40","v-19",0.1071
"v-40","v-20",0.1331
"v-40","v-21",0.0966
"v-40","v-22",0.1251
"v-40","v-23",0.1012
"v-40","v-24",0.1228
"v-40","v-25",0.1204
"v-40","v-26",0.1142
"v-40","v-27",0.1275
"v-40","v-28",0.1054
"v-40","v-29",0.127
"v-40","v-30",0.1026
"v-40","v-31",0.1234
"v-40","v-32",0.0951
"v-40","v-33",0.1191
"v-40","v-34",0.1261
"v-40","v-35",0.1014
"v-40","v-36",0.1048
"v-40","v-37",0.103
"v-40","v-38",0.1218
"v-40","v-39",0.1324
